{
    "alt_axis": [
        200,
        350,
        500,
        650,
        800,
        950,
        1100,
        1250,
        1400,
        1550,
        1700,
        1850,
        2000,
        2150,
        2300,
        2450,
        2600,
        2750,
        2900,
        3050,
        3200,
        3350,
        3500,
        3650,
        3800,
        3950,
        4100,
        4250,
        4400,
        4550,
        4700
    ],
    "years": [
        2008,
        2009,
        2010,
        2011,
        2012,
        2013,
        2014,
        2015,
        2016,
        2017,
        2018
    ],
    "months": [
        3
    ],
    "days": [
        1,
        2,
        3,
        4,
        5,
        6,
        7,
        8,
        9,
        10,
        11,
        12,
        13,
        14,
        15,
        16,
        17,
        18,
        19,
        20,
        21,
        22,
        23,
        24,
        25,
        26,
        27,
        28,
        29,
        30,
        31
    ],
    "hours": [
        0,
        1,
        2,
        3,
        4,
        5,
        6,
        7,
        8,
        9,
        10,
        11,
        12,
        13,
        14,
        15,
        16,
        17,
        18,
        19,
        20,
        21,
        22,
        23
    ],
    "location": "Hachijo_Jima",
    "mu4": [
        [
            -2.3268229239664286,
            1.4618303137317763,
            2.402611137541886,
            0.2736924662171849
        ],
        [
            -0.6984979708684923,
            0.5155488209414769,
            3.832984359399091,
            -0.5804227896410049
        ],
        [
            -0.22183630154924378,
            0.5099856097633743,
            4.516215509801841,
            -0.5137167316341478
        ],
        [
            -0.10950539231682728,
            0.677668975387668,
            4.8310823605862465,
            -0.2677546241908063
        ],
        [
            0.04252153778253336,
            0.7881086907240075,
            5.201794453031173,
            -0.06471598514821765
        ],
        [
            0.26156245656345456,
            0.8421547083079025,
            5.690505025675515,
            0.08616160531498229
        ],
        [
            0.5263759768545441,
            0.8198021017858407,
            6.317673837208227,
            0.20478853882158482
        ],
        [
            0.745521605766898,
            0.754529620030763,
            6.966430341280046,
            0.2876385042084072
        ],
        [
            1.034110097410445,
            0.6630398182696735,
            7.684694588565458,
            0.3450835032605204
        ],
        [
            1.2189079302277082,
            0.4122539436847346,
            8.42732817029357,
            0.26000625942029804
        ],
        [
            1.2557161961700811,
            0.2240569772127217,
            9.174503595585916,
            0.16974570195081598
        ],
        [
            1.3673602726709622,
            0.1438612477438721,
            9.997666101463707,
            0.1870359528579391
        ],
        [
            1.4119324526857315,
            0.10191926298900485,
            10.815402782111699,
            0.21386464704390845
        ],
        [
            1.4040818952871323,
            0.1889353144951388,
            11.610085772458207,
            0.3327368766233156
        ],
        [
            1.331382181214059,
            0.23571763554340247,
            12.343975170189077,
            0.4167774158983854
        ],
        [
            1.23764705545426,
            0.2781928429641337,
            13.056829156233238,
            0.4965108415459225
        ],
        [
            1.1374143083402701,
            0.4027298812117894,
            13.763185520923185,
            0.6583060980203844
        ],
        [
            1.0384019996871348,
            0.49620875064884146,
            14.470762324073988,
            0.7890431856842433
        ],
        [
            0.8937406791946498,
            0.5516736868129821,
            15.133592740154194,
            0.881784426494527
        ],
        [
            0.7287762528381466,
            0.6314359333870395,
            15.764838261749047,
            0.9615858506818998
        ],
        [
            0.6000351677189627,
            0.7387183620856733,
            16.38960262505863,
            1.0840337699348528
        ],
        [
            0.47015897857984595,
            0.7796823808368931,
            17.00837432326085,
            1.151903855825935
        ],
        [
            0.37202357677520287,
            0.7799279959738276,
            17.658886808797526,
            1.1790555381027352
        ],
        [
            0.33827356296497707,
            0.7756391032977337,
            18.37378468232864,
            1.2016727125665057
        ],
        [
            0.3170712826490518,
            0.6357491863711098,
            19.10123028935405,
            1.0886888627797464
        ],
        [
            0.31104898133690806,
            0.401757907948324,
            19.843855875383223,
            0.8816036514968238
        ],
        [
            0.3155998651670632,
            0.23216192769476127,
            20.602042287433644,
            0.7372739642468344
        ],
        [
            0.3022952630228083,
            0.09596279919175975,
            21.3765081613006,
            0.6508915965641069
        ],
        [
            0.2818572061356115,
            -0.007027634982731922,
            22.162948603322803,
            0.6154707969931645
        ],
        [
            0.3062165298649523,
            -0.02434268368176238,
            22.990222431075512,
            0.6645889961695375
        ],
        [
            0.3774923748942206,
            -0.047262828628152814,
            23.864412780128163,
            0.7081020990985507
        ]
    ],
    "sigma4": [
        [
            [
                49.610748253844775,
                5.36491742434713,
                11.921643530681209,
                2.3612218030316776
            ],
            [
                5.36491742434713,
                71.37562603767078,
                13.330814425572711,
                20.28167788019881
            ],
            [
                11.921643530681209,
                13.330814425572711,
                22.60001471356203,
                10.740096179593104
            ],
            [
                2.3612218030316776,
                20.28167788019881,
                10.740096179593104,
                21.982425608166093
            ]
        ],
        [
            [
                76.95383932110133,
                12.280809870907582,
                38.594429266872204,
                4.144828008523657
            ],
            [
                12.280809870907582,
                101.63700261476879,
                24.096200859191164,
                46.690711562402164
            ],
            [
                38.594429266872204,
                24.096200859191164,
                55.051136354912465,
                17.847734091607908
            ],
            [
                4.144828008523657,
                46.690711562402164,
                17.847734091607908,
                47.796838646360136
            ]
        ],
        [
            [
                91.29908880693407,
                14.862260798927132,
                51.38227921890893,
                3.5284788638532696
            ],
            [
                14.862260798927132,
                119.56165471506995,
                27.309946482679965,
                61.340158226955445
            ],
            [
                51.38227921890893,
                27.309946482679965,
                69.49679538619418,
                19.26956692846737
            ],
            [
                3.5284788638532696,
                61.340158226955445,
                19.26956692846737,
                62.10807431724911
            ]
        ],
        [
            [
                96.76608018126802,
                15.142060858331488,
                55.12288048448264,
                1.6313106715814896
            ],
            [
                15.142060858331488,
                124.28901605942629,
                27.105016923024507,
                64.7216067575675
            ],
            [
                55.12288048448264,
                27.105016923024507,
                73.37533507456864,
                17.959487164260427
            ],
            [
                1.6313106715814896,
                64.7216067575675,
                17.959487164260427,
                65.19812557546682
            ]
        ],
        [
            [
                98.91573791226564,
                15.222370256335509,
                56.11285598465606,
                -0.5239240231603152
            ],
            [
                15.222370256335509,
                122.67853983327818,
                26.42825517760984,
                63.7750051367929
            ],
            [
                56.11285598465606,
                26.42825517760984,
                74.25460474986669,
                16.064026478314855
            ],
            [
                -0.5239240231603152,
                63.7750051367929,
                16.064026478314855,
                64.85270798601272
            ]
        ],
        [
            [
                100.0761782227373,
                15.385559870447976,
                55.942191013404376,
                -2.4125937046994816
            ],
            [
                15.385559870447976,
                118.68785730962504,
                25.479632952008323,
                61.17327605500793
            ],
            [
                55.942191013404376,
                25.479632952008323,
                72.92138983503845,
                14.208465652708341
            ],
            [
                -2.4125937046994816,
                61.17327605500793,
                14.208465652708341,
                62.29119554672147
            ]
        ],
        [
            [
                98.46905191365823,
                13.377899725376574,
                54.13113834548979,
                -4.697175784228439
            ],
            [
                13.377899725376574,
                112.86499253885772,
                22.653397659713495,
                58.0994382875015
            ],
            [
                54.13113834548979,
                22.653397659713495,
                70.0757436086795,
                12.102006597848154
            ],
            [
                -4.697175784228439,
                58.0994382875015,
                12.102006597848154,
                59.43536375417836
            ]
        ],
        [
            [
                96.21712415361667,
                11.849809027971872,
                52.66404478366212,
                -6.425626867545093
            ],
            [
                11.849809027971872,
                107.84764637199363,
                20.56580415456053,
                55.48640842862961
            ],
            [
                52.66404478366212,
                20.56580415456053,
                67.8379781969675,
                10.611855421160532
            ],
            [
                -6.425626867545093,
                55.48640842862961,
                10.611855421160532,
                56.62028003867069
            ]
        ],
        [
            [
                95.41990475353526,
                11.984490157565606,
                51.6526281159038,
                -7.522306055385943
            ],
            [
                11.984490157565606,
                101.61259335725899,
                19.59307849847025,
                51.500017432288416
            ],
            [
                51.6526281159038,
                19.59307849847025,
                65.97858100133114,
                9.291082006755762
            ],
            [
                -7.522306055385943,
                51.500017432288416,
                9.291082006755762,
                52.87353965976619
            ]
        ],
        [
            [
                94.18505955735941,
                12.95058614490044,
                51.31842470747225,
                -6.536214208448493
            ],
            [
                12.95058614490044,
                95.90901919155897,
                19.497592376821316,
                47.75332025834562
            ],
            [
                51.31842470747225,
                19.497592376821316,
                65.48729809043432,
                9.730961288887348
            ],
            [
                -6.536214208448493,
                47.75332025834562,
                9.730961288887348,
                48.578528165515856
            ]
        ],
        [
            [
                94.46264259452064,
                13.308813327019973,
                53.43427890874036,
                -5.9641419876323
            ],
            [
                13.308813327019973,
                91.85699503733828,
                18.801145754584027,
                45.85389227481975
            ],
            [
                53.43427890874036,
                18.801145754584027,
                67.2113038967463,
                9.920502423751888
            ],
            [
                -5.9641419876323,
                45.85389227481975,
                9.920502423751888,
                46.178831054521076
            ]
        ],
        [
            [
                96.27943283775895,
                14.227785790821352,
                55.94284998812534,
                -4.86564067273313
            ],
            [
                14.227785790821352,
                88.95547095660004,
                18.63229577565816,
                44.369928292424696
            ],
            [
                55.94284998812534,
                18.63229577565816,
                69.2873067738478,
                10.739459661493479
            ],
            [
                -4.86564067273313,
                44.369928292424696,
                10.739459661493479,
                44.44350826757184
            ]
        ],
        [
            [
                97.1114206852152,
                15.80216577333257,
                56.65497409719315,
                -3.3953299533141705
            ],
            [
                15.80216577333257,
                87.60381087851717,
                19.452241140331136,
                43.690463055608056
            ],
            [
                56.65497409719315,
                19.452241140331136,
                69.72624323736605,
                12.143387488097835
            ],
            [
                -3.3953299533141705,
                43.690463055608056,
                12.143387488097835,
                43.68317341026014
            ]
        ],
        [
            [
                93.90233448862787,
                17.529628655187846,
                54.91179977937054,
                -1.5369305915026323
            ],
            [
                17.529628655187846,
                86.95353825684109,
                19.956298828782003,
                43.567322358963395
            ],
            [
                54.91179977937054,
                19.956298828782003,
                68.78024514116225,
                13.36879762622762
            ],
            [
                -1.5369305915026323,
                43.567322358963395,
                13.36879762622762,
                43.550150778125456
            ]
        ],
        [
            [
                90.77648520373334,
                19.71013072101792,
                53.04637965515824,
                0.22614898702236133
            ],
            [
                19.71013072101792,
                88.51008393720423,
                21.004248855788422,
                44.76596534806629
            ],
            [
                53.04637965515824,
                21.004248855788422,
                68.01189314973014,
                14.764126908547803
            ],
            [
                0.22614898702236133,
                44.76596534806629,
                14.764126908547803,
                44.45762482760972
            ]
        ],
        [
            [
                88.34824333667882,
                21.25367682499015,
                51.239212550672654,
                0.8528632250879772
            ],
            [
                21.25367682499015,
                90.46066981481776,
                22.002648155660374,
                46.36680082304309
            ],
            [
                51.239212550672654,
                22.002648155660374,
                67.3220453186505,
                15.706216948267175
            ],
            [
                0.8528632250879772,
                46.36680082304309,
                15.706216948267175,
                46.4622753270721
            ]
        ],
        [
            [
                88.34883343826657,
                21.789256156202022,
                51.281830353391335,
                0.8207475527456609
            ],
            [
                21.789256156202022,
                93.59109468035335,
                21.777379466582296,
                48.49604648031978
            ],
            [
                51.281830353391335,
                21.777379466582296,
                68.56254087207628,
                15.869496724524128
            ],
            [
                0.8207475527456609,
                48.49604648031978,
                15.869496724524128,
                49.030738878692986
            ]
        ],
        [
            [
                88.17862388526304,
                21.695604830866902,
                51.06781350012311,
                0.8500321742062406
            ],
            [
                21.695604830866902,
                98.50717063940746,
                20.950885585209697,
                51.64830281794216
            ],
            [
                51.06781350012311,
                20.950885585209697,
                70.12017230685873,
                16.21790312197166
            ],
            [
                0.8500321742062406,
                51.64830281794216,
                16.21790312197166,
                52.54640437296732
            ]
        ],
        [
            [
                87.82899344463816,
                22.256041691804523,
                50.1731777121692,
                1.5996531120206032
            ],
            [
                22.256041691804523,
                103.58981634407994,
                20.82539265694101,
                54.537007134822744
            ],
            [
                50.1731777121692,
                20.82539265694101,
                71.1583891849216,
                17.41817141960211
            ],
            [
                1.5996531120206032,
                54.537007134822744,
                17.41817141960211,
                56.04543552947954
            ]
        ],
        [
            [
                86.69863669010348,
                23.160454729313177,
                49.0252805811584,
                2.6390002735447595
            ],
            [
                23.160454729313177,
                108.89247419583403,
                21.988458475534806,
                57.739139826890174
            ],
            [
                49.0252805811584,
                21.988458475534806,
                71.95222983929845,
                19.230245045659082
            ],
            [
                2.6390002735447595,
                57.739139826890174,
                19.230245045659082,
                59.83320022653005
            ]
        ],
        [
            [
                85.46246440829839,
                24.031804008418224,
                49.292580583360824,
                3.2718463002247646
            ],
            [
                24.031804008418224,
                112.0859759263618,
                23.078797106492146,
                59.89909231327213
            ],
            [
                49.292580583360824,
                23.078797106492146,
                74.36384828070065,
                20.306166708618463
            ],
            [
                3.2718463002247646,
                59.89909231327213,
                20.306166708618463,
                62.07609373690946
            ]
        ],
        [
            [
                85.52209164723014,
                25.523002612694103,
                49.94662424195488,
                4.499879156668267
            ],
            [
                25.523002612694103,
                116.04082883250845,
                24.070614299116794,
                62.25019712473453
            ],
            [
                49.94662424195488,
                24.070614299116794,
                76.70058805035148,
                21.20196520762797
            ],
            [
                4.499879156668267,
                62.25019712473453,
                21.20196520762797,
                64.1476040097458
            ]
        ],
        [
            [
                85.27375705769595,
                26.353501891194075,
                49.20757408205485,
                5.428644020757397
            ],
            [
                26.353501891194075,
                118.89371811836624,
                24.74340093777131,
                63.20739632960087
            ],
            [
                49.20757408205485,
                24.74340093777131,
                77.1475303226699,
                22.159805942356023
            ],
            [
                5.428644020757397,
                63.20739632960087,
                22.159805942356023,
                65.07085478223688
            ]
        ],
        [
            [
                85.8383769906147,
                27.463230978676833,
                48.50879547862757,
                6.068728515386759
            ],
            [
                27.463230978676833,
                122.23598364482896,
                25.45813781452977,
                63.944409365040826
            ],
            [
                48.50879547862757,
                25.45813781452977,
                77.45048949667067,
                22.611328193012653
            ],
            [
                6.068728515386759,
                63.944409365040826,
                22.611328193012653,
                65.60194506782852
            ]
        ],
        [
            [
                88.16286262581872,
                27.755582585413208,
                48.908440478252054,
                5.443856072977195
            ],
            [
                27.755582585413208,
                125.78267714946617,
                25.942420006214927,
                65.13974003288486
            ],
            [
                48.908440478252054,
                25.942420006214927,
                78.77885848567945,
                22.404457758570565
            ],
            [
                5.443856072977195,
                65.13974003288486,
                22.404457758570565,
                67.38283073261192
            ]
        ],
        [
            [
                90.87396849030252,
                27.282248802697584,
                49.35258087759443,
                4.0813519847157815
            ],
            [
                27.282248802697584,
                130.41770239663273,
                26.082746062889026,
                67.23463688164307
            ],
            [
                49.35258087759443,
                26.082746062889026,
                80.39802635603411,
                21.901326388984728
            ],
            [
                4.0813519847157815,
                67.23463688164307,
                21.901326388984728,
                70.41210510925231
            ]
        ],
        [
            [
                94.5348196045918,
                26.649764911110964,
                49.993394295040446,
                2.593328158719807
            ],
            [
                26.649764911110964,
                136.156557149642,
                26.001911977168955,
                69.59066397991182
            ],
            [
                49.993394295040446,
                26.001911977168955,
                82.06505766058162,
                21.23769572180521
            ],
            [
                2.593328158719807,
                69.59066397991182,
                21.23769572180521,
                73.39320182276798
            ]
        ],
        [
            [
                98.00422122840183,
                24.958939847064322,
                51.12820281835491,
                0.498726217394169
            ],
            [
                24.958939847064322,
                141.40133359787015,
                24.75892105488579,
                72.07972667501626
            ],
            [
                51.12820281835491,
                24.75892105488579,
                84.22657087902388,
                19.701751022819508
            ],
            [
                0.498726217394169,
                72.07972667501626,
                19.701751022819508,
                76.6941574919002
            ]
        ],
        [
            [
                99.61011308969945,
                23.19194685677247,
                52.16885754851866,
                -1.4029910952349098
            ],
            [
                23.19194685677247,
                144.53567904847804,
                23.352398677988134,
                74.84938535191213
            ],
            [
                52.16885754851866,
                23.352398677988134,
                86.6425030619366,
                18.6045308852336
            ],
            [
                -1.4029910952349098,
                74.84938535191213,
                18.6045308852336,
                80.50413000877384
            ]
        ],
        [
            [
                101.8479558927672,
                22.502157260386983,
                53.80296039529423,
                -2.3741271915215454
            ],
            [
                22.502157260386983,
                147.15285449348278,
                22.62340732297377,
                76.99987702346012
            ],
            [
                53.80296039529423,
                22.62340732297377,
                90.10141540530209,
                18.23818162174914
            ],
            [
                -2.3741271915215454,
                76.99987702346012,
                18.23818162174914,
                83.66517997365827
            ]
        ],
        [
            [
                106.27254964941046,
                23.161228900908643,
                56.374391752347066,
                -2.528072139095155
            ],
            [
                23.161228900908643,
                149.42037064993644,
                22.908525092944014,
                78.56287873046061
            ],
            [
                56.374391752347066,
                22.908525092944014,
                93.9640264798056,
                18.499745264240914
            ],
            [
                -2.528072139095155,
                78.56287873046061,
                18.499745264240914,
                86.47168616312351
            ]
        ]
    ]
}